chord
78
62
62
62
78
62
62
57
60
78
62
62
64
81
65
65
67
80
64
62
60
76
62
57
60
78
62
62
64
81
65
65
67
80
64
62
60
78
57
60
78
62
62
65
83
67
67
69
86
70
69
67
85
62
62
64
81
65
67
85
62
62
65
80
64
65
62
80
69
72
90
74
74
76
93
77
77
79
92
76
74
72
88
74
69
72
90
74
74
76
93
77
77
79
92
76
74
72
90
69
72
90
74
74
77
95
79
79
81
98
82
81
79
97
74
74
76
93
77
79
97
74
74
77
92
76
77
76
90
97
98
97
81
81
97
79
95
93
92
77
76
90
74
76
77
97
74
76
77
98
74
76
77
97
81
84
97
79
95
93
92
77
76
90
73
60
78
62
64
81
65
67
80
78
78
62
62
62
78
62
62
62
62
78
62
62
62
78
62
62
62
62
78
62
62
62
78
62
62
57
55
73
57
57
60
78
62
62
62
76
60
57
55
71
57
57
60
74
58
58
58
76
60
60
60
76
60
57
57
78
57
55
73
57
57
62
78
62
62
62
83
67
65
64
81
57
57
60
78
62
62
64
81
57
57
62
77
61
62
59
77
57
60
78
62
62
64
81
65
65
67
80
64
62
60
76
62
57
60
78
62
62
64
81
65
65
67
80
64
62
60
78
57
60
78
62
62
65
83
67
67
69
86
70
69
67
85
62
62
64
81
65
67
85
62
62
65
80
64
65
64
78
90
90
88
72
72
88
72
86
85
85
69
69
85
74
76
77
90
74
76
77
90
74
76
77
88
72
77
88
72
86
85
85
69
69
85
73
60
78
62
64
81
65
67
80
60
78
54
54
54
54
38
40
41
66
50
50
48
62
46
46
46
61
45
45
48
66
50
50
50
62
46
46
52
69
53
53
53
68
52
52
48
66
50
50
50
66
50
50
48
62
46
46
46
62
46
46
48
61
45
45
45
62
46
46
48
66
50
50
50
68
52
52
53
68
52
52
52
66
50
50
48
62
46
46
48
68
52
53
52
66
50
50
50
62
46
46
45
57
41
41
48
68
52
52
48
66
50
50
50
66
50
50
46
59
43
43
45
62
46
46
46
66
50
50
50
62
46
46
48
66
50
50
52
53
68
52
52
48
66
50
50
50
50
66
50
50
50
50
62
46
46
46
46
69
53
53
53
53
64
48
48
48
48
59
43
43
43
43
61
45
45
45
45
61
45
45
45
45
66
50
50
50
50
66
50
50
50
50
62
46
46
46
46
69
53
53
53
53
64
48
48
48
48
59
43
43
57
41
41
56
54
time
320
320
320
320
320
320
320
320
320
320
320
320
320
320
80
40
80
40
80
40
40
40
40
80
80
40
40
80
80
40
40
80
80
40
40
40
80
40
40
40
80
80
40
40
80
80
40
40
80
80
40
40
80
80
40
40
80
80
40
40
80
80
40
40
80
80
40
40
40
80
40
40
40
80
80
80
40
80
40
40
40
80
80
40
40
80
80
40
40
80
80
40
40
80
80
40
40
80
80
40
40
40
80
40
40
40
80
80
40
40
80
80
40
40
80
80
40
40
80
80
40
40
80
80
40
40
80
80
40
40
80
80
40
40
40
80
40
40
40
80
80
80
40
80
40
40
40
80
80
40
40
80
160
80
160
80
160
80
80
80
40
80
40
80
80
160
80
160
80
80
80
80
40
40
40
40
80
40
40
40
40
80
40
40
40
40
80
80
80
40
80
40
80
80
160
80
160
80
80
80
160
320
320
320
320
320
320
320
320
320
320
320
320
320
320
320
320
320
320
320
320
320
320
320
320
320
320
320
320
320
320
320
320
320
320
320
320
320
320
320
320
320
320
320
320
320
320
320
320
320
320
320
320
320
320
320
320
320
320
320
320
320
320
320
320
320
320
320
320
160
40
40
160
40
40
160
40
40
160
160
320
80
40
80
40
80
40
40
40
40
80
40
80
40
80
40
40
40
40
80
40
80
40
80
40
40
40
40
80
80
40
40
80
80
40
40
80
80
40
40
40
80
40
40
40
80
80
40
40
80
80
40
40
80
80
40
40
80
80
40
40
80
80
40
40
80
80
40
40
80
80
40
40
40
80
40
40
40
80
80
40
40
40
80
40
40
40
80
80
40
40
80
80
40
40
80
80
40
40
80
80
40
40
80
80
40
40
40
80
40
40
40
80
80
40
40
80
80
40
40
80
80
40
40
80
80
40
40
80
80
40
40
80
80
40
40
80
80
40
40
40
80
40
40
40
80
80
80
40
80
40
40
40
80
80
40
40
80
160
80
160
80
160
80
80
80
40
80
40
80
80
160
80
160
80
80
80
80
40
40
40
40
80
40
40
40
40
80
40
40
40
40
80
80
80
40
80
40
80
80
160
80
160
80
80
80
160
160
40
40
160
40
40
160
40
40
160
80
160
80
320
320
320
320
320
160
160
160
160
160
80
40
40
40
80
40
80
40
80
40
80
40
80
40
80
40
80
40
80
40
80
40
80
40
80
40
80
40
80
40
80
40
80
40
80
40
80
40
80
40
80
40
80
40
80
40
80
40
80
40
80
40
80
40
80
40
80
40
80
40
80
40
80
40
80
40
80
40
80
40
80
40
80
40
80
40
80
40
80
40
80
40
80
40
80
40
80
40
80
40
80
40
80
40
80
40
80
40
80
40
80
40
80
40
80
40
80
40
80
40
80
40
80
40
80
40
80
40
80
40
80
40
40
40
40
80
40
80
40
80
40
40
40
40
80
40
40
40
40
80
40
40
40
40
80
40
40
40
40
80
40
40
40
40
80
40
40
40
40
80
40
40
40
40
80
40
40
40
40
80
40
40
40
40
80
40
40
40
40
80
40
40
40
40
80
40
40
40
40
80
40
40
40
40
80
80
80
80
80
80
160
160
